	getSpeed()	24.66	1.47	4.44	0.00	-24.66	0.00	-0.78	0.00	0.00	0.00	-36.37	pid.getOutput()	-36.37	-112
	getSpeed()	5.37	1.47	4.44	0.00	-5.37	-10.95	192.90	0.00	-10.95	-24.66	-18.87	pid.getOutput()	-18.87	-58
	getSpeed()	-2.51	1.47	4.44	0.00	2.51	-13.36	78.02	0.00	-13.36	-5.37	-9.66	pid.getOutput()	-9.66	-29
	getSpeed()	-4.81	1.47	4.44	0.00	4.81	-12.25	23.00	0.00	-12.25	2.51	-5.16	pid.getOutput()	-5.16	-15
	getSpeed()	-4.87	1.47	4.44	0.00	4.87	-10.09	0.59	0.00	-10.09	4.81	-2.91	pid.getOutput()	-2.91	-9
	getSpeed()	-4.76	1.47	4.44	0.00	4.76	-7.93	-1.10	0.00	-7.93	4.87	-0.91	pid.getOutput()	-0.91	-2
	getSpeed()	-4.76	1.47	4.44	0.00	4.76	-5.79	0.00	0.00	-5.79	4.76	1.23	pid.getOutput()	1.23	3
	getSpeed()	-4.76	1.47	4.44	0.00	4.76	-3.66	0.00	0.00	-3.66	4.76	3.36	pid.getOutput()	3.36	10
	getSpeed()	-4.73	1.47	4.44	0.00	4.73	-1.54	-0.30	0.00	-1.54	4.76	5.43	pid.getOutput()	5.43	16
	getSpeed()	-4.73	1.47	4.44	0.00	4.73	0.58	0.00	0.00	0.58	4.73	7.56	pid.getOutput()	7.56	23
	getSpeed()	-4.70	1.47	4.44	0.00	4.70	2.68	-0.30	0.00	2.68	4.73	9.61	pid.getOutput()	9.61	29
	getSpeed()	-2.86	1.47	4.44	0.00	2.86	4.79	-18.22	0.00	4.79	4.70	9.01	pid.getOutput()	9.01	27
	getSpeed()	-0.83	1.47	4.44	0.00	0.83	6.06	-20.30	0.00	6.06	2.86	7.29	pid.getOutput()	7.29	22
	getSpeed()	0.05	1.47	4.44	0.00	-0.05	6.43	-8.71	0.00	6.43	0.83	6.36	pid.getOutput()	6.36	19
	getSpeed()	0.12	1.47	4.44	0.00	-0.12	6.41	-0.70	0.00	6.41	-0.05	6.23	pid.getOutput()	6.23	19
	getSpeed()	0.09	1.47	4.44	0.00	-0.09	6.36	0.30	0.00	6.36	-0.12	6.22	pid.getOutput()	6.22	19
	getSpeed()	0.09	1.47	4.44	0.00	-0.09	6.32	0.00	0.00	6.32	-0.09	6.18	pid.getOutput()	6.18	19
	getSpeed()	0.09	1.47	4.44	0.00	-0.09	6.28	0.00	0.00	6.28	-0.09	6.14	pid.getOutput()	6.14	19
	getSpeed()	0.06	1.47	4.44	0.00	-0.06	6.24	0.30	0.00	6.24	-0.09	6.15	pid.getOutput()	6.15	19
	getSpeed()	0.06	1.47	4.44	0.00	-0.06	6.21	0.00	0.00	6.21	-0.06	6.12	pid.getOutput()	6.12	18
	getSpeed()	0.03	1.47	4.44	0.00	-0.03	6.18	0.30	0.00	6.18	-0.06	6.14	pid.getOutput()	6.14	19
	getSpeed()	0.00	1.47	4.44	0.00	0.00	6.17	0.30	0.00	6.17	-0.03	6.17	pid.getOutput()	6.17	19
	getSpeed()	0.00	1.47	4.44	0.00	0.00	6.17	0.00	0.00	6.17	0.00	6.17	pid.getOutput()	6.17	19
	getSpeed()	0.00	1.47	4.44	0.00	0.00	6.17	0.00	0.00	6.17	0.00	6.17	pid.getOutput()	6.17	19
	getSpeed()	0.00	1.47	4.44	0.00	0.00	6.17	0.00	0.00	6.17	0.00	6.17	pid.getOutput()	6.17	19
	getSpeed()	0.00	1.47	4.44	0.00	0.00	6.17	0.00	0.00	6.17	0.00	6.17	pid.getOutput()	6.17	19
	getSpeed()	0.00	1.47	4.44	0.00	0.00	6.17	0.00	0.00	6.17	0.00	6.17	pid.getOutput()	6.17	19
	getSpeed()	0.00	1.47	4.44	0.00	0.00	6.17	0.00	0.00	6.17	0.00	6.17	pid.getOutput()	6.17	19
	getSpeed()	0.00	1.47	4.44	0.00	0.00	6.17	0.00	0.00	6.17	0.00	6.17	pid.getOutput()	6.17	19
	getSpeed()	0.00	1.47	4.44	0.00	0.00	6.17	0.00	0.00	6.17	0.00	6.17	pid.getOutput()	6.17	19
	getSpeed()	0.00	1.47	4.44	0.00	0.00	6.17	0.00	0.00	6.17	0.00	6.17	pid.getOutput()	6.17	19
	getSpeed()	0.00	1.47	4.44	0.00	0.00	6.17	0.00	0.00	6.17	0.00	6.17	pid.getOutput()	6.17	19
	getSpeed()	0.00	1.47	4.44	0.00	0.00	6.17	0.00	0.00	6.17	0.00	6.17	pid.getOutput()	6.17	19
	getSpeed()	0.00	1.47	4.44	0.00	0.00	6.17	0.00	0.00	6.17	0.00	6.17	pid.getOutput()	6.17	19
	getSpeed()	0.00	1.47	4.44	0.00	0.00	6.17	0.00	0.00	6.17	0.00	6.17	pid.getOutput()	6.17	19
	getSpeed()	0.00	1.47	4.44	0.00	0.00	6.17	0.00	0.00	6.17	0.00	6.17	pid.getOutput()	6.17	19
	getSpeed()	0.00	1.47	4.44	0.00	0.00	6.17	0.00	0.00	6.17	0.00	6.17	pid.getOutput()	6.17	19
	getSpeed()	0.00	1.47	4.44	0.00	0.00	6.17	0.00	0.00	6.17	0.00	6.17	pid.getOutput()	6.17	19
	getSpeed()	0.00	1.47	4.44	0.00	0.00	6.17	0.00	0.00	6.17	0.00	6.17	pid.getOutput()	6.17	19
	getSpeed()	0.00	1.47	4.44	0.00	0.00	6.17	0.00	0.00	6.17	0.00	6.17	pid.getOutput()	6.17	19
	getSpeed()	0.00	1.47	4.44	0.00	0.00	6.17	0.00	0.00	6.17	0.00	6.17	pid.getOutput()	6.17	19
	getSpeed()	0.00	1.47	4.44	0.00	0.00	6.17	0.00	0.00	6.17	0.00	6.17	pid.getOutput()	6.17	19
	getSpeed()	0.00	1.47	4.44	0.00	0.00	6.17	0.00	0.00	6.17	0.00	6.17	pid.getOutput()	6.17	19
	getSpeed()	0.00	1.47	4.44	0.00	0.00	6.17	0.00	0.00	6.17	0.00	6.17	pid.getOutput()	6.17	19
	getSpeed()	0.00	1.47	4.44	0.00	0.00	6.17	0.00	0.00	6.17	0.00	6.17	pid.getOutput()	6.17	19
	getSpeed()	0.00	1.47	4.44	0.00	0.00	6.17	0.00	0.00	6.17	0.00	6.17	pid.getOutput()	6.17	19
	getSpeed()	0.00	1.47	4.44	0.00	0.00	6.17	0.00	0.00	6.17	0.00	6.17	pid.getOutput()	6.17	19
	getSpeed()	0.00	1.47	4.44	0.00	0.00	6.17	0.00	0.00	6.17	0.00	6.17	pid.getOutput()	6.17	19
	getSpeed()	0.00	1.47	4.44	0.00	0.00	6.17	0.00	0.00	6.17	0.00	6.17	pid.getOutput()	6.17	19
	getSpeed()	0.00	1.47	4.44	0.00	0.00	6.17	0.00	0.00	6.17	0.00	6.17	pid.getOutput()	6.17	19
	getSpeed()	0.00	1.47	4.44	0.00	0.00	6.17	0.00	0.00	6.17	0.00	6.17	pid.getOutput()	6.17	19
	getSpeed()	0.00	1.47	4.44	0.00	10.00	6.17	15.75	10.00	6.17	0.00	30.92	pid.getOutput()	30.92	95
	getSpeed()	1.57	1.47	4.44	0.00	8.43	10.61	-15.70	10.00	10.61	10.00	33.05	pid.getOutput()	33.05	102
	getSpeed()	4.37	1.47	4.44	0.00	5.63	14.36	-28.00	10.00	14.36	8.43	32.66	pid.getOutput()	32.66	101
	getSpeed()	7.33	1.47	4.44	0.00	2.67	16.86	-29.60	10.00	16.86	5.63	30.80	pid.getOutput()	30.80	95
	getSpeed()	10.14	1.47	4.44	0.00	-0.14	18.04	-28.10	10.00	18.04	2.67	27.84	pid.getOutput()	27.84	86
	getSpeed()	12.57	1.47	4.44	0.00	-2.57	17.98	-24.30	10.00	17.98	-0.14	24.19	pid.getOutput()	24.19	74
	getSpeed()	14.60	1.47	4.44	0.00	-4.60	16.83	-20.10	10.00	16.83	-2.57	20.05	pid.getOutput()	20.05	62
	getSpeed()	16.20	1.47	4.44	0.00	-6.20	14.79	-16.00	10.00	14.79	-4.60	15.64	pid.getOutput()	15.64	48
	getSpeed()	17.24	1.47	4.44	0.00	-7.24	12.00	-10.30	10.00	12.00	-6.20	11.33	pid.getOutput()	11.33	35
	getSpeed()	17.80	1.47	4.44	0.00	-7.80	8.79	-5.60	10.00	8.79	-7.24	7.28	pid.getOutput()	7.28	22
	getSpeed()	17.83	1.47	4.44	0.00	-7.83	5.32	-0.30	10.00	5.32	-7.80	3.77	pid.getOutput()	3.77	11
	getSpeed()	16.26	1.47	4.44	0.00	-6.26	1.81	15.54	10.00	1.81	-7.83	2.58	pid.getOutput()	2.58	7
	getSpeed()	13.46	1.47	4.44	0.00	-3.46	-0.97	28.00	10.00	-0.97	-6.26	3.93	pid.getOutput()	3.93	12
	getSpeed()	10.49	1.47	4.44	0.00	-0.49	-2.52	29.41	10.00	-2.52	-3.46	6.75	pid.getOutput()	6.75	20
	getSpeed()	7.69	1.47	4.44	0.00	2.31	-2.74	28.00	10.00	-2.74	-0.49	10.67	pid.getOutput()	10.67	33
	getSpeed()	5.47	1.47	4.44	0.00	4.53	-1.71	22.20	10.00	-1.71	2.31	14.97	pid.getOutput()	14.97	46
	getSpeed()	3.50	1.47	4.44	0.00	6.50	0.30	19.70	10.00	0.30	4.53	19.88	pid.getOutput()	19.88	61
	getSpeed()	2.70	1.47	4.44	0.00	7.30	3.18	8.00	10.00	3.18	6.50	23.95	pid.getOutput()	23.95	74
	getSpeed()	3.17	1.47	4.44	0.00	6.83	6.46	-4.65	10.00	6.46	7.30	26.53	pid.getOutput()	26.53	82
	getSpeed()	4.50	1.47	4.44	0.00	5.50	9.52	-13.17	10.00	9.52	6.83	27.64	pid.getOutput()	27.64	85
	getSpeed()	6.53	1.47	4.44	0.00	3.47	11.97	-20.30	10.00	11.97	5.50	27.09	pid.getOutput()	27.09	83
	getSpeed()	8.60	1.47	4.44	0.00	1.40	13.51	-20.70	10.00	13.51	3.47	25.57	pid.getOutput()	25.57	79
	getSpeed()	10.54	1.47	4.44	0.00	-0.54	14.14	-19.21	10.00	14.14	1.40	23.34	pid.getOutput()	23.34	72
	getSpeed()	12.39	1.47	4.44	0.00	-2.39	13.90	-18.50	10.00	13.90	-0.54	20.37	pid.getOutput()	20.37	63
	getSpeed()	14.06	1.47	4.44	0.00	-4.06	12.84	-16.70	10.00	12.84	-2.39	16.85	pid.getOutput()	16.85	52
	getSpeed()	15.26	1.47	4.44	0.00	-5.26	11.01	-11.88	10.00	11.01	-4.06	13.26	pid.getOutput()	13.26	41
	getSpeed()	16.31	1.47	4.44	0.00	-6.31	8.65	-10.40	10.00	8.65	-5.26	9.35	pid.getOutput()	9.35	28
	getSpeed()	16.16	1.47	4.44	0.00	-6.16	5.85	1.50	10.00	5.85	-6.31	6.77	pid.getOutput()	6.77	20
	getSpeed()	14.77	1.47	4.44	0.00	-4.77	3.09	13.76	10.00	3.09	-6.16	6.05	pid.getOutput()	6.05	18
	getSpeed()	12.89	1.47	4.44	0.00	-2.89	0.97	18.80	10.00	0.97	-4.77	6.71	pid.getOutput()	6.71	20
	getSpeed()	10.82	1.47	4.44	0.00	-0.82	-0.33	20.50	10.00	-0.33	-2.89	8.46	pid.getOutput()	8.46	26
	getSpeed()	8.75	1.47	4.44	0.00	1.25	-0.69	20.70	10.00	-0.69	-0.82	11.15	pid.getOutput()	11.15	34
	getSpeed()	6.81	1.47	4.44	0.00	3.19	-0.13	19.21	10.00	-0.13	1.25	14.57	pid.getOutput()	14.57	45
	getSpeed()	4.96	1.47	4.44	0.00	5.04	1.29	18.50	10.00	1.29	3.19	18.72	pid.getOutput()	18.72	58
	getSpeed()	4.09	1.47	4.44	0.00	5.91	3.55	8.61	10.00	3.55	5.04	22.26	pid.getOutput()	22.26	69
	getSpeed()	4.46	1.47	4.44	0.00	5.54	6.17	-3.70	10.00	6.17	5.91	24.34	pid.getOutput()	24.34	75
	getSpeed()	5.42	1.47	4.44	0.00	4.58	8.66	-9.50	10.00	8.66	5.54	25.41	pid.getOutput()	25.41	78
	getSpeed()	7.02	1.47	4.44	0.00	2.98	10.69	-16.00	10.00	10.69	4.58	25.09	pid.getOutput()	25.09	77
	getSpeed()	9.21	1.47	4.44	0.00	0.79	12.02	-21.90	10.00	12.02	2.98	23.18	pid.getOutput()	23.18	71
	getSpeed()	11.33	1.47	4.44	0.00	-1.33	12.37	-20.99	10.00	12.37	0.79	20.41	pid.getOutput()	20.41	63
	getSpeed()	13.24	1.47	4.44	0.00	-3.24	11.78	-19.10	10.00	11.78	-1.33	17.00	pid.getOutput()	17.00	52
	getSpeed()	14.81	1.47	4.44	0.00	-4.81	10.34	-15.70	10.00	10.34	-3.24	13.25	pid.getOutput()	13.25	41
	getSpeed()	15.98	1.47	4.44	0.00	-5.98	8.18	-11.58	10.00	8.18	-4.81	9.36	pid.getOutput()	9.36	29
	getSpeed()	16.72	1.47	4.44	0.00	-6.72	5.50	-7.33	10.00	5.50	-5.98	5.59	pid.getOutput()	5.59	17
	getSpeed()	16.26	1.47	4.44	0.00	-6.26	2.51	4.60	10.00	2.51	-6.72	3.28	pid.getOutput()	3.28	10
	getSpeed()	14.47	1.47	4.44	0.00	-4.47	-0.27	17.90	10.00	-0.27	-6.26	3.14	pid.getOutput()	3.14	9
	getSpeed()	12.40	1.47	4.44	0.00	-2.40	-2.27	20.50	10.00	-2.27	-4.47	4.19	pid.getOutput()	4.19	12
	getSpeed()	10.16	1.47	4.44	0.00	-0.16	-3.34	22.40	10.00	-3.34	-2.40	6.43	pid.getOutput()	6.43	19
	getSpeed()	7.84	1.47	4.44	0.00	12.16	-3.69	24.84	20.00	-3.69	-0.16	34.24	pid.getOutput()	34.24	106
	getSpeed()	7.66	1.47	4.44	0.00	12.34	1.71	1.80	20.00	1.71	12.16	39.91	pid.getOutput()	39.91	123
	getSpeed()	9.29	1.47	4.44	0.00	10.71	7.25	-16.14	20.00	7.25	12.34	43.04	pid.getOutput()	43.04	133
	getSpeed()	11.76	1.47	4.44	0.00	8.24	12.01	-24.70	20.00	12.01	10.71	44.16	pid.getOutput()	44.16	136
	getSpeed()	14.82	1.47	4.44	0.00	5.18	15.70	-30.30	20.00	15.70	8.24	43.34	pid.getOutput()	43.34	134
	getSpeed()	18.27	1.47	4.44	0.00	1.73	18.00	-34.50	20.00	18.00	5.18	40.55	pid.getOutput()	40.55	125
	getSpeed()	21.77	1.47	4.44	0.00	-1.77	18.78	-34.65	20.00	18.78	1.73	36.17	pid.getOutput()	36.17	112
	getSpeed()	25.16	1.47	4.44	0.00	-5.16	17.99	-33.90	20.00	17.99	-1.77	30.38	pid.getOutput()	30.38	94
	getSpeed()	27.93	1.47	4.44	0.00	-7.93	15.68	-27.43	20.00	15.68	-5.16	23.98	pid.getOutput()	23.98	74
	getSpeed()	29.96	1.47	4.44	0.00	-9.96	12.16	-20.30	20.00	12.16	-7.93	17.47	pid.getOutput()	17.47	54
	getSpeed()	31.34	1.47	4.44	0.00	-11.34	7.69	-13.66	20.00	7.69	-9.96	10.96	pid.getOutput()	10.96	33
	getSpeed()	29.96	1.47	4.44	0.00	-9.96	2.65	13.80	20.00	2.65	-11.34	7.96	pid.getOutput()	7.96	24
	getSpeed()	26.42	1.47	4.44	0.00	-6.42	-1.82	35.05	20.00	-1.82	-9.96	8.71	pid.getOutput()	8.71	27
	getSpeed()	22.38	1.47	4.44	0.00	-2.38	-4.67	40.40	20.00	-4.67	-6.42	11.82	pid.getOutput()	11.82	36
	getSpeed()	18.15	1.47	4.44	0.00	1.85	-5.73	42.30	20.00	-5.73	-2.38	17.00	pid.getOutput()	17.00	52
	getSpeed()	14.61	1.47	4.44	0.00	5.39	-4.90	35.05	20.00	-4.90	1.85	23.05	pid.getOutput()	23.05	71
	getSpeed()	12.15	1.47	4.44	0.00	7.85	-2.50	24.60	20.00	-2.50	5.39	29.07	pid.getOutput()	29.07	90
	getSpeed()	10.83	1.47	4.44	0.00	9.17	1.02	13.07	20.00	1.02	7.85	34.54	pid.getOutput()	34.54	107
	getSpeed()	10.87	1.47	4.44	0.00	9.13	5.09	-0.40	20.00	5.09	9.17	38.56	pid.getOutput()	38.56	119
	getSpeed()	12.25	1.47	4.44	0.00	7.75	9.15	-13.80	20.00	9.15	9.13	40.58	pid.getOutput()	40.58	125
	getSpeed()	14.69	1.47	4.44	0.00	5.31	12.62	-24.16	20.00	12.62	7.75	40.46	pid.getOutput()	40.46	125
	getSpeed()	18.09	1.47	4.44	0.00	1.91	14.98	-34.00	20.00	14.98	5.31	37.80	pid.getOutput()	37.80	117
	getSpeed()	21.86	1.47	4.44	0.00	-1.86	15.83	-37.70	20.00	15.83	1.91	33.09	pid.getOutput()	33.09	102
	getSpeed()	25.25	1.47	4.44	0.00	-5.25	15.00	-33.56	20.00	15.00	-1.86	27.25	pid.getOutput()	27.25	84
	getSpeed()	28.00	1.47	4.44	0.00	-8.00	12.64	-27.23	20.00	12.64	-5.25	20.84	pid.getOutput()	20.84	64
	getSpeed()	29.45	1.47	4.44	0.00	-9.45	9.09	-14.50	20.00	9.09	-8.00	15.15	pid.getOutput()	15.15	46
	getSpeed()	29.48	1.47	4.44	0.00	-9.48	4.89	-0.30	20.00	4.89	-9.45	10.91	pid.getOutput()	10.91	33
	getSpeed()	28.31	1.47	4.44	0.00	-8.31	0.64	11.58	20.00	0.64	-9.48	8.38	pid.getOutput()	8.38	25
	getSpeed()	25.66	1.47	4.44	0.00	-5.66	-3.06	26.50	20.00	-3.06	-8.31	8.60	pid.getOutput()	8.60	26
	getSpeed()	22.24	1.47	4.44	0.00	-2.24	-5.59	33.86	20.00	-5.59	-5.66	11.10	pid.getOutput()	11.10	34
	getSpeed()	18.41	1.47	4.44	0.00	1.59	-6.60	37.92	20.00	-6.60	-2.24	15.75	pid.getOutput()	15.75	48
	getSpeed()	15.17	1.47	4.44	0.00	4.83	-5.89	32.08	20.00	-5.89	1.59	21.24	pid.getOutput()	21.24	65
	getSpeed()	12.98	1.47	4.44	0.00	7.02	-3.74	21.90	20.00	-3.74	4.83	26.61	pid.getOutput()	26.61	82
	getSpeed()	11.77	1.47	4.44	0.00	8.23	-0.59	11.98	20.00	-0.59	7.02	31.55	pid.getOutput()	31.55	97
	getSpeed()	11.76	1.47	4.44	0.00	8.24	3.06	0.10	20.00	3.06	8.23	35.22	pid.getOutput()	35.22	109
	getSpeed()	12.81	1.47	4.44	0.00	7.19	6.76	-10.40	20.00	6.76	8.24	37.37	pid.getOutput()	37.37	115
	getSpeed()	14.74	1.47	4.44	0.00	5.26	9.96	-19.30	20.00	9.96	7.19	37.71	pid.getOutput()	37.71	116
	getSpeed()	17.14	1.47	4.44	0.00	22.86	23.42	30.56	40.00	23.42	5.26	97.13	pid.getOutput()	97.13	301
	getSpeed()	24.31	1.47	4.44	0.00	15.69	33.57	-71.70	40.00	33.57	22.86	96.71	pid.getOutput()	96.71	299
	getSpeed()	34.10	1.47	4.44	0.00	5.90	40.61	-96.93	40.00	40.61	15.69	89.31	pid.getOutput()	89.31	276
	getSpeed()	43.67	1.47	4.44	0.00	-3.67	43.23	-95.70	40.00	43.23	5.90	77.82	pid.getOutput()	77.82	241
	getSpeed()	51.53	1.47	4.44	0.00	-11.53	41.60	-78.60	40.00	41.60	-3.67	64.60	pid.getOutput()	64.60	200
	getSpeed()	57.05	1.47	4.44	0.00	-17.05	36.43	-54.65	40.00	36.43	-11.53	51.28	pid.getOutput()	51.28	158
	getSpeed()	60.32	1.47	4.44	0.00	-20.32	28.85	-32.70	40.00	28.85	-17.05	38.88	pid.getOutput()	38.88	120
	getSpeed()	61.56	1.47	4.44	0.00	-21.56	19.83	-12.40	40.00	19.83	-20.32	28.03	pid.getOutput()	28.03	86
	getSpeed()	61.10	1.47	4.44	0.00	-21.10	10.15	4.55	40.00	10.15	-21.56	19.03	pid.getOutput()	19.03	59
	getSpeed()	59.37	1.47	4.44	0.00	-19.37	0.69	17.13	40.00	0.69	-21.10	12.12	pid.getOutput()	12.12	37
	getSpeed()	56.92	1.47	4.44	0.00	-16.92	-7.92	24.50	40.00	-7.92	-19.37	7.13	pid.getOutput()	7.13	22
	getSpeed()	49.65	1.47	4.44	0.00	-9.65	-15.44	72.70	40.00	-15.44	-16.92	10.33	pid.getOutput()	10.33	32
	getSpeed()	39.87	1.47	4.44	0.00	0.13	-19.76	96.83	40.00	-19.76	-9.65	20.43	pid.getOutput()	20.43	63
	getSpeed()	31.19	1.47	4.44	0.00	8.81	-19.71	86.80	40.00	-19.71	0.13	33.29	pid.getOutput()	33.29	103
	getSpeed()	25.02	1.47	4.44	0.00	14.98	-15.79	61.70	40.00	-15.79	8.81	46.30	pid.getOutput()	46.30	143
	getSpeed()	21.82	1.47	4.44	0.00	18.18	-9.07	31.68	40.00	-9.07	14.98	57.74	pid.getOutput()	57.74	178
	getSpeed()	21.63	1.47	4.44	0.00	18.37	-1.00	1.90	40.00	-1.00	18.18	66.10	pid.getOutput()	66.10	204
	getSpeed()	23.95	1.47	4.44	0.00	16.05	7.16	-23.20	40.00	7.16	18.37	70.84	pid.getOutput()	70.84	219
	getSpeed()	28.30	1.47	4.44	0.00	11.70	14.37	-43.07	40.00	14.37	16.05	71.62	pid.getOutput()	71.62	222
	getSpeed()	33.96	1.47	4.44	0.00	6.04	19.56	-56.60	40.00	19.56	11.70	68.47	pid.getOutput()	68.47	212
	getSpeed()	40.27	1.47	4.44	0.00	-0.27	22.27	-62.48	40.00	22.27	6.04	61.87	pid.getOutput()	61.87	191
	getSpeed()	46.57	1.47	4.44	0.00	-6.57	22.15	-63.00	40.00	22.15	-0.27	52.46	pid.getOutput()	52.46	162
	getSpeed()	51.96	1.47	4.44	0.00	-11.96	19.23	-53.90	40.00	19.23	-6.57	41.60	pid.getOutput()	41.60	128
	getSpeed()	55.25	1.47	4.44	0.00	-15.25	13.87	-32.57	40.00	13.87	-11.96	31.38	pid.getOutput()	31.38	97
	getSpeed()	55.83	1.47	4.44	0.00	-15.83	7.09	-5.80	40.00	7.09	-15.25	23.75	pid.getOutput()	23.75	73
	getSpeed()	54.11	1.47	4.44	0.00	-14.11	0.06	17.20	40.00	0.06	-15.83	19.25	pid.getOutput()	19.25	59
	getSpeed()	50.50	1.47	4.44	0.00	-10.50	-6.21	36.10	40.00	-6.21	-14.11	18.31	pid.getOutput()	18.31	56
	getSpeed()	45.69	1.47	4.44	0.00	-5.69	-10.92	47.62	40.00	-10.92	-10.50	20.69	pid.getOutput()	20.69	64
	getSpeed()	40.36	1.47	4.44	0.00	-0.36	-13.45	53.30	40.00	-13.45	-5.69	26.02	pid.getOutput()	26.02	80
	getSpeed()	35.22	1.47	4.44	0.00	4.78	-13.61	51.40	40.00	-13.61	-0.36	33.44	pid.getOutput()	33.44	103
	getSpeed()	30.94	1.47	4.44	0.00	9.06	-11.48	42.80	40.00	-11.48	4.78	41.88	pid.getOutput()	41.88	129
	getSpeed()	28.33	1.47	4.44	0.00	11.67	-7.46	26.10	40.00	-7.46	9.06	49.75	pid.getOutput()	49.75	154
	getSpeed()	27.53	1.47	4.44	0.00	12.47	-2.22	7.92	40.00	-2.22	11.67	56.17	pid.getOutput()	56.17	174
	getSpeed()	28.75	1.47	4.44	0.00	11.25	3.32	-12.20	40.00	3.32	12.47	59.91	pid.getOutput()	59.91	185
	getSpeed()	31.63	1.47	4.44	0.00	8.37	8.32	-28.80	40.00	8.32	11.25	60.66	pid.getOutput()	60.66	188
	getSpeed()	35.58	1.47	4.44	0.00	4.42	12.07	-39.11	40.00	12.07	8.37	58.59	pid.getOutput()	58.59	181
	getSpeed()	39.83	1.47	4.44	0.00	0.17	14.04	-42.50	40.00	14.04	4.42	54.29	pid.getOutput()	54.29	168
	getSpeed()	43.73	1.47	4.44	0.00	-3.73	14.11	-38.61	40.00	14.11	0.17	48.61	pid.getOutput()	48.61	150
	getSpeed()	46.77	1.47	4.44	0.00	-6.77	12.45	-30.40	40.00	12.45	-3.73	42.47	pid.getOutput()	42.47	131
	getSpeed()	48.66	1.47	4.44	0.00	-8.66	9.45	-18.90	40.00	9.45	-6.77	36.67	pid.getOutput()	36.67	113
	getSpeed()	42.93	1.47	4.44	0.00	57.07	-16.56	97.23	100.00	-16.56	-8.66	167.61	pid.getOutput()	167.61	519
	getSpeed()	50.46	1.47	4.44	0.00	49.54	9.05	-74.55	100.00	9.05	57.07	182.11	pid.getOutput()	182.11	564
	getSpeed()	63.20	1.47	4.44	0.00	36.80	31.05	-127.40	100.00	31.05	49.54	185.33	pid.getOutput()	185.33	574
	getSpeed()	76.55	1.47	4.44	0.00	23.45	47.57	-132.18	100.00	47.57	36.80	182.15	pid.getOutput()	182.15	564
	getSpeed()	89.98	1.47	4.44	0.00	10.02	57.98	-134.30	100.00	57.98	23.45	172.76	pid.getOutput()	172.76	535
	getSpeed()	102.64	1.47	4.44	0.00	-2.64	62.43	-126.60	100.00	62.43	10.02	158.54	pid.getOutput()	158.54	491
	getSpeed()	114.00	1.47	4.44	0.00	-14.00	61.25	-112.48	100.00	61.25	-2.64	140.60	pid.getOutput()	140.60	435
	getSpeed()	124.38	1.47	4.44	0.00	-24.38	55.03	-103.80	100.00	55.03	-14.00	119.07	pid.getOutput()	119.07	369
	getSpeed()	133.33	1.47	4.44	0.00	-33.33	44.09	-88.61	100.00	44.09	-24.38	94.93	pid.getOutput()	94.93	294
	getSpeed()	140.33	1.47	4.44	0.00	-40.33	29.29	-70.00	100.00	29.29	-33.33	69.80	pid.getOutput()	69.80	216
	getSpeed()	151.25	1.47	4.44	0.00	-51.25	11.19	-108.12	100.00	11.19	-40.33	35.60	pid.getOutput()	35.60	110
	getSpeed()	144.46	1.47	4.44	0.00	-44.46	-11.58	67.90	100.00	-11.58	-51.25	22.85	pid.getOutput()	22.85	70
	getSpeed()	129.50	1.47	4.44	0.00	-29.50	-31.33	149.60	100.00	-31.33	-44.46	25.16	pid.getOutput()	25.16	78
	getSpeed()	112.87	1.47	4.44	0.00	-12.87	-44.56	164.65	100.00	-44.56	-29.50	36.46	pid.getOutput()	36.46	113
	getSpeed()	96.63	1.47	4.44	0.00	3.37	-50.28	162.40	100.00	-50.28	-12.87	54.69	pid.getOutput()	54.69	169
	getSpeed()	82.56	1.47	4.44	0.00	17.44	-48.77	139.31	100.00	-48.77	3.37	76.95	pid.getOutput()	76.95	238
	getSpeed()	72.19	1.47	4.44	0.00	27.81	-41.02	103.70	100.00	-41.02	17.44	99.99	pid.getOutput()	99.99	309
	getSpeed()	65.77	1.47	4.44	0.00	34.23	-28.67	64.20	100.00	-28.67	27.81	121.82	pid.getOutput()	121.82	377
	getSpeed()	63.72	1.47	4.44	0.00	36.28	-13.31	20.30	100.00	-13.31	34.23	140.20	pid.getOutput()	140.20	434
	getSpeed()	66.22	1.47	4.44	0.00	33.78	2.81	-25.00	100.00	2.81	36.28	152.63	pid.getOutput()	152.63	473
	getSpeed()	73.19	1.47	4.44	0.00	26.81	17.81	-69.70	100.00	17.81	33.78	157.35	pid.getOutput()	157.35	487
	getSpeed()	84.93	1.47	4.44	0.00	15.07	29.84	-116.24	100.00	29.84	26.81	152.07	pid.getOutput()	152.07	471
	getSpeed()	98.93	1.47	4.44	0.00	1.07	36.54	-140.00	100.00	36.54	15.07	138.12	pid.getOutput()	138.12	428
	getSpeed()	111.92	1.47	4.44	0.00	-11.92	37.01	-129.90	100.00	37.01	1.07	119.43	pid.getOutput()	119.43	370
	getSpeed()	122.19	1.47	4.44	0.00	-22.19	31.66	-101.68	100.00	31.66	-11.92	98.94	pid.getOutput()	98.94	306
	getSpeed()	128.88	1.47	4.44	0.00	-28.88	21.81	-66.90	100.00	21.81	-22.19	79.21	pid.getOutput()	79.21	245
	getSpeed()	131.14	1.47	4.44	0.00	-31.14	8.85	-22.38	100.00	8.85	-28.88	62.92	pid.getOutput()	62.92	195
	getSpeed()	128.98	1.47	4.44	0.00	-28.98	-4.98	21.60	100.00	-4.98	-31.14	52.27	pid.getOutput()	52.27	162
	getSpeed()	123.01	1.47	4.44	0.00	-23.01	-17.99	59.11	100.00	-17.99	-28.98	48.08	pid.getOutput()	48.08	149
	getSpeed()	111.00	1.47	4.44	0.00	39.00	-157.41	45.46	150.00	-157.41	-23.01	50.11	pid.getOutput()	50.11	155
	getSpeed()	100.60	1.47	4.44	0.00	49.40	-139.91	102.97	150.00	-139.91	39.00	82.94	pid.getOutput()	82.94	257
	getSpeed()	91.15	1.47	4.44	0.00	58.85	-117.75	93.56	150.00	-117.75	49.40	119.05	pid.getOutput()	119.05	369
	getSpeed()	85.30	1.47	4.44	0.00	64.70	-91.61	58.50	150.00	-91.61	58.85	153.82	pid.getOutput()	153.82	476
	getSpeed()	84.55	1.47	4.44	0.00	65.45	-62.86	7.50	150.00	-62.86	64.70	183.66	pid.getOutput()	183.66	569
	getSpeed()	88.83	1.47	4.44	0.00	61.17	-33.79	-42.80	150.00	-33.79	65.45	206.43	pid.getOutput()	206.43	639
	getSpeed()	97.49	1.47	4.44	0.00	52.51	-6.62	-86.60	150.00	-6.62	61.17	220.83	pid.getOutput()	220.83	684
	getSpeed()	68.19	1.47	4.44	0.00	81.81	16.94	290.10	150.00	16.94	52.51	287.60	pid.getOutput()	287.60	891
	getSpeed()	44.71	1.47	4.44	0.00	105.29	53.29	234.80	150.00	16.94	81.81	330.00	pid.getOutput()	330.00	1023
	getSpeed()	27.12	1.47	4.44	0.00	122.88	63.72	175.90	150.00	16.94	105.29	330.00	pid.getOutput()	330.00	1023
	getSpeed()	16.63	1.47	4.44	0.00	133.37	71.53	104.90	150.00	16.94	122.88	330.00	pid.getOutput()	330.00	1023
	getSpeed()	3.93	1.47	4.44	0.00	146.07	76.19	127.00	150.00	16.94	133.37	330.00	pid.getOutput()	330.00	1023
	getSpeed()	-10.50	1.47	4.44	0.00	160.50	81.83	144.30	150.00	16.94	146.07	330.00	pid.getOutput()	330.00	1023
	getSpeed()	-28.50	1.47	4.44	0.00	178.50	88.96	178.22	150.00	16.94	160.50	330.00	pid.getOutput()	330.00	1023
	getSpeed()	-50.34	1.47	4.44	0.00	200.34	96.24	218.40	150.00	16.94	178.50	330.00	pid.getOutput()	330.00	1023
	getSpeed()	-75.25	1.47	4.44	0.00	225.25	106.83	246.63	150.00	16.94	200.34	330.00	pid.getOutput()	330.00	1023
	getSpeed()	-102.84	1.47	4.44	0.00	252.84	117.01	275.90	150.00	16.94	225.25	330.00	pid.getOutput()	330.00	1023
	getSpeed()	-90.11	1.47	4.44	0.00	240.11	129.26	-127.30	150.00	16.94	252.84	330.00	pid.getOutput()	330.00	1023
	getSpeed()	-81.32	1.47	4.44	0.00	231.32	124.68	-87.03	150.00	16.94	240.11	330.00	pid.getOutput()	330.00	1023
	getSpeed()	-76.93	1.47	4.44	0.00	226.93	119.70	-43.90	150.00	16.94	231.32	330.00	pid.getOutput()	330.00	1023
	getSpeed()	-75.23	1.47	4.44	0.00	225.23	118.76	-16.83	150.00	16.94	226.93	330.00	pid.getOutput()	330.00	1023
	getSpeed()	-74.58	1.47	4.44	0.00	224.58	117.00	-6.50	150.00	16.94	225.23	330.00	pid.getOutput()	330.00	1023
	getSpeed()	-74.17	1.47	4.44	0.00	224.17	117.71	-4.06	150.00	16.94	224.58	330.00	pid.getOutput()	330.00	1023
	getSpeed()	-74.08	1.47	4.44	0.00	224.08	116.53	-0.90	150.00	16.94	224.17	330.00	pid.getOutput()	330.00	1023
	getSpeed()	-73.95	1.47	4.44	0.00	223.95	116.49	-1.30	150.00	16.94	224.08	330.00	pid.getOutput()	330.00	1023
	getSpeed()	-73.89	1.47	4.44	0.00	223.89	117.43	-0.59	150.00	16.94	223.95	330.00	pid.getOutput()	330.00	1023
	getSpeed()	-73.70	1.47	4.44	0.00	223.70	116.40	-1.90	150.00	16.94	223.89	330.00	pid.getOutput()	330.00	1023
	getSpeed()	-73.57	1.47	4.44	0.00	223.57	116.32	-1.30	150.00	16.94	223.70	330.00	pid.getOutput()	330.00	1023
	getSpeed()	-64.45	1.47	4.44	0.00	264.45	910.80	45.42	200.00	16.94	223.57	330.00	pid.getOutput()	330.00	1023
	getSpeed()	-64.06	1.47	4.44	0.00	264.06	134.42	-3.90	200.00	16.94	264.45	330.00	pid.getOutput()	330.00	1023
	getSpeed()	-64.12	1.47	4.44	0.00	264.12	135.42	0.59	200.00	16.94	264.06	330.00	pid.getOutput()	330.00	1023
	getSpeed()	-63.88	1.47	4.44	0.00	263.88	134.28	-2.40	200.00	16.94	264.12	330.00	pid.getOutput()	330.00	1023
	getSpeed()	-63.88	1.47	4.44	0.00	263.88	135.34	0.00	200.00	16.94	263.88	330.00	pid.getOutput()	330.00	1023
	getSpeed()	-63.83	1.47	4.44	0.00	263.83	134.17	-0.50	200.00	16.94	263.88	330.00	pid.getOutput()	330.00	1023
	getSpeed()	-63.65	1.47	4.44	0.00	263.65	135.32	-1.78	200.00	16.94	263.83	330.00	pid.getOutput()	330.00	1023
	getSpeed()	-63.75	1.47	4.44	0.00	263.75	134.07	1.00	200.00	16.94	263.65	330.00	pid.getOutput()	330.00	1023
	getSpeed()	-63.63	1.47	4.44	0.00	263.63	135.28	-1.19	200.00	16.94	263.75	330.00	pid.getOutput()	330.00	1023
	getSpeed()	-63.73	1.47	4.44	0.00	263.73	134.06	1.00	200.00	16.94	263.63	330.00	pid.getOutput()	330.00	1023
	getSpeed()	-72.58	1.47	4.44	0.00	272.58	135.27	87.62	200.00	16.94	263.73	330.00	pid.getOutput()	330.00	1023
	getSpeed()	-72.68	1.47	4.44	0.00	272.68	138.03	1.00	200.00	16.94	272.58	330.00	pid.getOutput()	330.00	1023
	getSpeed()	-72.73	1.47	4.44	0.00	272.73	138.08	0.50	200.00	16.94	272.68	330.00	pid.getOutput()	330.00	1023
	getSpeed()	-72.81	1.47	4.44	0.00	272.81	139.31	0.79	200.00	16.94	272.73	330.00	pid.getOutput()	330.00	1023
	getSpeed()	-72.89	1.47	4.44	0.00	272.89	138.14	0.80	200.00	16.94	272.81	330.00	pid.getOutput()	330.00	1023
	getSpeed()	-72.94	1.47	4.44	0.00	272.94	138.17	0.50	200.00	16.94	272.89	330.00	pid.getOutput()	330.00	1023
	getSpeed()	-73.01	1.47	4.44	0.00	273.01	138.19	0.70	200.00	16.94	272.94	330.00	pid.getOutput()	330.00	1023
	getSpeed()	-72.99	1.47	4.44	0.00	272.99	139.44	-0.20	200.00	16.94	273.01	330.00	pid.getOutput()	330.00	1023
	getSpeed()	-72.94	1.47	4.44	0.00	272.94	138.22	-0.50	200.00	16.94	272.99	330.00	pid.getOutput()	330.00	1023
	getSpeed()	-72.91	1.47	4.44	0.00	272.91	138.19	-0.30	200.00	16.94	272.94	330.00	pid.getOutput()	330.00	1023
	getSpeed()	-72.92	1.47	4.44	0.00	272.92	139.39	0.10	200.00	16.94	272.91	330.00	pid.getOutput()	330.00	1023
	getSpeed()	-67.19	1.47	4.44	0.00	317.19	1152.96	47.25	250.00	16.94	272.92	330.00	pid.getOutput()	330.00	1023
	getSpeed()	-67.06	1.47	4.44	0.00	317.06	159.26	-1.29	250.00	16.94	317.19	330.00	pid.getOutput()	330.00	1023
	getSpeed()	-66.91	1.47	4.44	0.00	316.91	157.79	-1.50	250.00	16.94	317.06	330.00	pid.getOutput()	330.00	1023
	getSpeed()	-66.84	1.47	4.44	0.00	316.84	159.13	-0.69	250.00	16.94	316.91	330.00	pid.getOutput()	330.00	1023
	getSpeed()	-66.57	1.47	4.44	0.00	316.57	157.70	-2.70	250.00	16.94	316.84	330.00	pid.getOutput()	330.00	1023
	getSpeed()	-66.52	1.47	4.44	0.00	316.52	158.98	-0.50	250.00	16.94	316.57	330.00	pid.getOutput()	330.00	1023
	getSpeed()	-66.46	1.47	4.44	0.00	316.46	157.55	-0.60	250.00	16.94	316.52	330.00	pid.getOutput()	330.00	1023
	getSpeed()	-66.53	1.47	4.44	0.00	316.53	157.53	0.70	250.00	16.94	316.46	330.00	pid.getOutput()	330.00	1023
	getSpeed()	-66.50	1.47	4.44	0.00	316.50	158.96	-0.30	250.00	16.94	316.53	330.00	pid.getOutput()	330.00	1023
	getSpeed()	-66.33	1.47	4.44	0.00	316.33	157.54	-1.70	250.00	16.94	316.50	330.00	pid.getOutput()	330.00	1023
	getSpeed()	-72.03	1.47	4.44	0.00	322.03	158.87	56.44	250.00	16.94	316.33	330.00	pid.getOutput()	330.00	1023
	getSpeed()	-72.01	1.47	4.44	0.00	322.01	160.00	-0.20	250.00	16.94	322.03	330.00	pid.getOutput()	330.00	1023
	getSpeed()	-71.94	1.47	4.44	0.00	321.94	161.42	-0.69	250.00	16.94	322.01	330.00	pid.getOutput()	330.00	1023
	getSpeed()	-71.88	1.47	4.44	0.00	321.88	159.96	-0.60	250.00	16.94	321.94	330.00	pid.getOutput()	330.00	1023
	getSpeed()	-71.77	1.47	4.44	0.00	321.77	161.36	-1.09	250.00	16.94	321.88	330.00	pid.getOutput()	330.00	1023
	getSpeed()	-71.68	1.47	4.44	0.00	321.68	159.89	-0.90	250.00	16.94	321.77	330.00	pid.getOutput()	330.00	1023
	getSpeed()	-71.62	1.47	4.44	0.00	321.62	161.27	-0.59	250.00	16.94	321.68	330.00	pid.getOutput()	330.00	1023
	getSpeed()	-71.48	1.47	4.44	0.00	321.48	159.82	-1.40	250.00	16.94	321.62	330.00	pid.getOutput()	330.00	1023
	getSpeed()	-71.42	1.47	4.44	0.00	321.42	161.18	-0.59	250.00	16.94	321.48	330.00	pid.getOutput()	330.00	1023
	getSpeed()	-71.40	1.47	4.44	0.00	321.40	161.16	-0.20	250.00	16.94	321.42	330.00	pid.getOutput()	330.00	1023
	getSpeed()	-71.51	1.47	4.44	0.00	321.51	159.72	1.10	250.00	16.94	321.40	330.00	pid.getOutput()	330.00	1023
	getSpeed()	-71.56	1.47	4.44	0.00	321.56	159.77	0.50	250.00	16.94	321.51	330.00	pid.getOutput()	330.00	1023
	getSpeed()	-71.70	1.47	4.44	0.00	321.70	161.22	1.39	250.00	16.94	321.56	330.00	pid.getOutput()	330.00	1023
	getSpeed()	-71.78	1.47	4.44	0.00	321.78	159.85	0.80	250.00	16.94	321.70	330.00	pid.getOutput()	330.00	1023
	getSpeed()	-71.84	1.47	4.44	0.00	321.84	159.89	0.60	250.00	16.94	321.78	330.00	pid.getOutput()	330.00	1023
	getSpeed()	-63.29	1.47	4.44	0.00	363.29	926.25	65.17	300.00	16.94	321.84	330.00	pid.getOutput()	330.00	1023
	getSpeed()	-63.31	1.47	4.44	0.00	363.31	179.94	0.20	300.00	16.94	363.29	330.00	pid.getOutput()	330.00	1023
	getSpeed()	-63.39	1.47	4.44	0.00	363.39	178.34	0.80	300.00	16.94	363.31	330.00	pid.getOutput()	330.00	1023
	getSpeed()	-63.45	1.47	4.44	0.00	363.45	178.37	0.60	300.00	16.94	363.39	330.00	pid.getOutput()	330.00	1023
	getSpeed()	-63.58	1.47	4.44	0.00	363.58	180.02	1.29	300.00	16.94	363.45	330.00	pid.getOutput()	330.00	1023
	getSpeed()	-63.51	1.47	4.44	0.00	363.51	180.07	-0.69	300.00	16.94	363.58	330.00	pid.getOutput()	330.00	1023
	getSpeed()	-63.57	1.47	4.44	0.00	363.57	178.43	0.60	300.00	16.94	363.51	330.00	pid.getOutput()	330.00	1023
	getSpeed()	-63.43	1.47	4.44	0.00	363.43	180.07	-1.39	300.00	16.94	363.57	330.00	pid.getOutput()	330.00	1023
	getSpeed()	-63.35	1.47	4.44	0.00	363.35	178.39	-0.80	300.00	16.94	363.43	330.00	pid.getOutput()	330.00	1023
	getSpeed()	-63.23	1.47	4.44	0.00	363.23	179.97	-1.19	300.00	16.94	363.35	330.00	pid.getOutput()	330.00	1023
	getSpeed()	-71.85	1.47	4.44	0.00	371.85	178.30	86.20	300.00	16.94	363.23	330.00	pid.getOutput()	330.00	1023
	getSpeed()	-71.87	1.47	4.44	0.00	371.87	183.78	0.20	300.00	16.94	371.85	330.00	pid.getOutput()	330.00	1023
	getSpeed()	-71.86	1.47	4.44	0.00	371.86	183.79	-0.10	300.00	16.94	371.87	330.00	pid.getOutput()	330.00	1023
	getSpeed()	-71.81	1.47	4.44	0.00	371.81	182.14	-0.50	300.00	16.94	371.86	330.00	pid.getOutput()	330.00	1023
	getSpeed()	-71.71	1.47	4.44	0.00	371.71	182.11	-1.00	300.00	16.94	371.81	330.00	pid.getOutput()	330.00	1023
	getSpeed()	-71.71	1.47	4.44	0.00	371.71	183.72	0.00	300.00	16.94	371.71	330.00	pid.getOutput()	330.00	1023
	getSpeed()	-71.62	1.47	4.44	0.00	371.62	182.07	-0.90	300.00	16.94	371.71	330.00	pid.getOutput()	330.00	1023
	getSpeed()	-71.80	1.47	4.44	0.00	371.80	182.03	1.80	300.00	16.94	371.62	330.00	pid.getOutput()	330.00	1023
	getSpeed()	-71.88	1.47	4.44	0.00	371.88	182.11	0.80	300.00	16.94	371.80	330.00	pid.getOutput()	330.00	1023
	getSpeed()	-72.09	1.47	4.44	0.00	372.09	183.80	2.08	300.00	16.94	371.88	330.00	pid.getOutput()	330.00	1023
	getSpeed()	-72.09	1.47	4.44	0.00	372.09	182.24	0.00	300.00	16.94	372.09	330.00	pid.getOutput()	330.00	1023
	getSpeed()	-72.02	1.47	4.44	0.00	372.02	183.89	-0.69	300.00	16.94	372.09	330.00	pid.getOutput()	330.00	1023
	getSpeed()	-71.94	1.47	4.44	0.00	371.94	182.21	-0.80	300.00	16.94	372.02	330.00	pid.getOutput()	330.00	1023
	getSpeed()	-71.76	1.47	4.44	0.00	371.76	183.82	-1.78	300.00	16.94	371.94	330.00	pid.getOutput()	330.00	1023
	getSpeed()	-71.66	1.47	4.44	0.00	371.66	182.09	-1.00	300.00	16.94	371.76	330.00	pid.getOutput()	330.00	1023
	getSpeed()	-71.51	1.47	4.44	0.00	371.51	183.70	-1.49	300.00	16.94	371.66	330.00	pid.getOutput()	330.00	1023
	getSpeed()	-71.31	1.47	4.44	0.00	371.31	181.98	-2.00	300.00	16.94	371.51	330.00	pid.getOutput()	330.00	1023
	getSpeed()	-71.20	1.47	4.44	0.00	371.20	183.54	-1.09	300.00	16.94	371.31	330.00	pid.getOutput()	330.00	1023
	getSpeed()	-71.23	1.47	4.44	0.00	371.23	181.84	0.30	300.00	16.94	371.20	330.00	pid.getOutput()	330.00	1023
	getSpeed()	-71.09	1.47	4.44	0.00	371.09	181.86	-1.40	300.00	16.94	371.23	330.00	pid.getOutput()	330.00	1023
	getSpeed()	-65.47	1.47	4.44	0.00	65.47	592.27	-875.70	0.00	16.94	371.09	330.00	pid.getOutput()	330.00	1023
	getSpeed()	-65.50	1.47	4.44	0.00	65.50	46.03	0.30	0.00	46.03	65.47	142.63	pid.getOutput()	142.63	442
	getSpeed()	-70.71	1.47	4.44	0.00	70.71	75.42	51.58	0.00	75.42	65.50	179.70	pid.getOutput()	179.70	557
	getSpeed()	-81.18	1.47	4.44	0.00	81.18	106.83	104.70	0.00	106.83	70.71	226.56	pid.getOutput()	226.56	702
	getSpeed()	-93.23	1.47	4.44	0.00	93.23	142.89	120.50	0.00	142.89	81.18	280.39	pid.getOutput()	280.39	869
	getSpeed()	-102.27	1.47	4.44	0.00	102.27	184.72	89.50	0.00	142.89	93.23	330.00	pid.getOutput()	330.00	1023
	getSpeed()	-106.81	1.47	4.44	0.00	106.81	188.32	45.40	0.00	142.89	102.27	330.00	pid.getOutput()	330.00	1023
	getSpeed()	-108.43	1.47	4.44	0.00	108.43	190.81	16.04	0.00	142.89	106.81	330.00	pid.getOutput()	330.00	1023
	getSpeed()	-108.78	1.47	4.44	0.00	108.78	191.06	3.50	0.00	142.89	108.43	330.00	pid.getOutput()	330.00	1023
	getSpeed()	-109.16	1.47	4.44	0.00	109.16	191.70	3.76	0.00	142.89	108.78	330.00	pid.getOutput()	330.00	1023
	getSpeed()	-114.77	1.47	4.44	0.00	114.77	191.38	56.10	0.00	142.89	109.16	330.00	pid.getOutput()	330.00	1023
	getSpeed()	-114.71	1.47	4.44	0.00	114.71	194.39	-0.59	0.00	142.89	114.77	330.00	pid.getOutput()	330.00	1023
	getSpeed()	-109.64	1.47	4.44	0.00	109.64	193.85	-50.70	0.00	142.89	114.71	330.00	pid.getOutput()	330.00	1023
	getSpeed()	-99.19	1.47	4.44	0.00	99.19	191.60	-104.50	0.00	142.89	109.64	330.00	pid.getOutput()	330.00	1023
	getSpeed()	-87.41	1.47	4.44	0.00	87.41	187.40	-116.63	0.00	187.40	99.19	316.31	pid.getOutput()	316.31	980
	getSpeed()	-79.00	1.47	4.44	0.00	79.00	226.23	-84.10	0.00	187.40	87.41	330.00	pid.getOutput()	330.00	1023
	getSpeed()	-75.20	1.47	4.44	0.00	75.20	222.84	-37.62	0.00	187.40	79.00	330.00	pid.getOutput()	330.00	1023
	getSpeed()	-73.82	1.47	4.44	0.00	73.82	220.80	-13.80	0.00	220.80	75.20	329.68	pid.getOutput()	329.68	1021
	getSpeed()	-73.20	1.47	4.44	0.00	73.20	253.92	-6.14	0.00	220.80	73.82	330.00	pid.getOutput()	330.00	1023
	getSpeed()	-72.97	1.47	4.44	0.00	72.97	253.32	-2.30	0.00	220.80	73.20	330.00	pid.getOutput()	330.00	1023
	getSpeed()	-72.81	1.47	4.44	0.00	72.81	253.54	-1.58	0.00	220.80	72.97	330.00	pid.getOutput()	330.00	1023
	getSpeed()	-72.78	1.47	4.44	0.00	72.78	253.15	-0.30	0.00	220.80	72.81	330.00	pid.getOutput()	330.00	1023
	getSpeed()	-72.63	1.47	4.44	0.00	72.63	253.46	-1.49	0.00	220.80	72.78	330.00	pid.getOutput()	330.00	1023
	getSpeed()	-72.53	1.47	4.44	0.00	72.53	253.07	-1.00	0.00	220.80	72.63	330.00	pid.getOutput()	330.00	1023
	getSpeed()	-72.41	1.47	4.44	0.00	72.41	253.02	-1.20	0.00	220.80	72.53	330.00	pid.getOutput()	330.00	1023
	getSpeed()	-71.72	1.47	4.44	0.00	71.72	252.97	-6.90	0.00	220.80	72.41	330.00	pid.getOutput()	330.00	1023
	getSpeed()	-71.19	1.47	4.44	0.00	71.19	252.98	-5.25	0.00	220.80	71.72	330.00	pid.getOutput()	330.00	1023
	getSpeed()	-71.05	1.47	4.44	0.00	71.05	252.43	-1.40	0.00	220.80	71.19	330.00	pid.getOutput()	330.00	1023
	getSpeed()	-71.06	1.47	4.44	0.00	71.06	252.68	0.10	0.00	220.80	71.05	330.00	pid.getOutput()	330.00	1023
	getSpeed()	-71.10	1.47	4.44	0.00	71.10	252.68	0.40	0.00	220.80	71.06	330.00	pid.getOutput()	330.00	1023
	getSpeed()	-71.22	1.47	4.44	0.00	71.22	252.39	1.20	0.00	220.80	71.10	330.00	pid.getOutput()	330.00	1023
	getSpeed()	-71.30	1.47	4.44	0.00	71.30	252.44	0.80	0.00	220.80	71.22	330.00	pid.getOutput()	330.00	1023
	getSpeed()	-71.38	1.47	4.44	0.00	71.38	252.79	0.79	0.00	220.80	71.30	330.00	pid.getOutput()	330.00	1023
	getSpeed()	-61.15	1.47	4.44	0.00	62.15	347.96	-23.02	1.00	220.80	71.38	330.00	pid.getOutput()	330.00	1023
	getSpeed()	-61.14	1.47	4.44	0.00	62.14	248.41	-0.10	1.00	220.80	62.15	330.00	pid.getOutput()	330.00	1023
	getSpeed()	-61.09	1.47	4.44	0.00	62.09	248.41	-0.50	1.00	220.80	62.14	330.00	pid.getOutput()	330.00	1023
	getSpeed()	-61.09	1.47	4.44	0.00	62.09	248.38	0.00	1.00	220.80	62.09	330.00	pid.getOutput()	330.00	1023
	getSpeed()	-60.91	1.47	4.44	0.00	61.91	248.66	-1.78	1.00	220.80	62.09	330.00	pid.getOutput()	330.00	1023
	getSpeed()	-61.05	1.47	4.44	0.00	62.05	248.30	1.40	1.00	220.80	61.91	330.00	pid.getOutput()	330.00	1023
	getSpeed()	-60.91	1.47	4.44	0.00	61.91	248.37	-1.40	1.00	220.80	62.05	330.00	pid.getOutput()	330.00	1023
	getSpeed()	-60.76	1.47	4.44	0.00	61.76	248.30	-1.50	1.00	220.80	61.91	330.00	pid.getOutput()	330.00	1023
	getSpeed()	-60.68	1.47	4.44	0.00	61.68	248.51	-0.79	1.00	220.80	61.76	330.00	pid.getOutput()	330.00	1023
	getSpeed()	-60.48	1.47	4.44	0.00	61.48	248.20	-2.00	1.00	220.80	61.68	330.00	pid.getOutput()	330.00	1023
	getSpeed()	-70.76	1.47	4.44	0.00	71.76	248.39	101.78	1.00	220.80	61.48	330.00	pid.getOutput()	330.00	1023
	getSpeed()	-70.76	1.47	4.44	0.00	71.76	252.68	0.00	1.00	220.80	71.76	330.00	pid.getOutput()	330.00	1023
	getSpeed()	-70.80	1.47	4.44	0.00	71.80	253.00	0.40	1.00	220.80	71.76	330.00	pid.getOutput()	330.00	1023
	getSpeed()	-70.76	1.47	4.44	0.00	71.76	252.70	-0.40	1.00	220.80	71.80	330.00	pid.getOutput()	330.00	1023
	getSpeed()	-61.48	1.47	4.44	0.00	61.48	386.25	-19.81	0.00	220.80	71.76	330.00	pid.getOutput()	330.00	1023
	getSpeed()	-61.29	1.47	4.44	0.00	61.29	248.11	-1.90	0.00	220.80	61.48	330.00	pid.getOutput()	330.00	1023
	getSpeed()	-61.33	1.47	4.44	0.00	61.33	248.30	0.40	0.00	220.80	61.29	330.00	pid.getOutput()	330.00	1023
	getSpeed()	-61.47	1.47	4.44	0.00	61.47	248.05	1.40	0.00	220.80	61.33	330.00	pid.getOutput()	330.00	1023
	getSpeed()	-61.53	1.47	4.44	0.00	61.53	248.11	0.60	0.00	220.80	61.47	330.00	pid.getOutput()	330.00	1023
	getSpeed()	-61.77	1.47	4.44	0.00	61.77	248.14	2.40	0.00	220.80	61.53	330.00	pid.getOutput()	330.00	1023
	getSpeed()	-61.62	1.47	4.44	0.00	61.62	248.24	-1.50	0.00	220.80	61.77	330.00	pid.getOutput()	330.00	1023
	getSpeed()	-61.57	1.47	4.44	0.00	61.57	248.45	-0.50	0.00	220.80	61.62	330.00	pid.getOutput()	330.00	1023
	getSpeed()	-61.51	1.47	4.44	0.00	61.51	248.15	-0.60	0.00	220.80	61.57	330.00	pid.getOutput()	330.00	1023
	getSpeed()	-61.31	1.47	4.44	0.00	61.31	248.40	-1.98	0.00	220.80	61.51	330.00	pid.getOutput()	330.00	1023
	getSpeed()	-70.61	1.47	4.44	0.00	70.61	248.04	93.00	0.00	220.80	61.31	330.00	pid.getOutput()	330.00	1023
	getSpeed()	-70.58	1.47	4.44	0.00	70.58	252.48	-0.30	0.00	220.80	70.61	330.00	pid.getOutput()	330.00	1023
	getSpeed()	-70.47	1.47	4.44	0.00	70.47	252.16	-1.10	0.00	220.80	70.58	330.00	pid.getOutput()	330.00	1023
	getSpeed()	-70.34	1.47	4.44	0.00	70.34	252.42	-1.29	0.00	220.80	70.47	330.00	pid.getOutput()	330.00	1023
	getSpeed()	-70.23	1.47	4.44	0.00	70.23	252.05	-1.10	0.00	220.80	70.34	330.00	pid.getOutput()	330.00	1023
	getSpeed()	-70.20	1.47	4.44	0.00	70.20	252.00	-0.30	0.00	220.80	70.23	330.00	pid.getOutput()	330.00	1023
	getSpeed()	-70.17	1.47	4.44	0.00	70.17	252.30	-0.30	0.00	220.80	70.20	330.00	pid.getOutput()	330.00	1023
	getSpeed()	-70.11	1.47	4.44	0.00	70.11	251.97	-0.60	0.00	220.80	70.17	330.00	pid.getOutput()	330.00	1023
	getSpeed()	-70.10	1.47	4.44	0.00	70.10	252.26	-0.10	0.00	220.80	70.11	330.00	pid.getOutput()	330.00	1023
	getSpeed()	-70.10	1.47	4.44	0.00	70.10	251.94	0.00	0.00	220.80	70.10	330.00	pid.getOutput()	330.00	1023
	getSpeed()	-70.10	1.47	4.44	0.00	70.10	251.94	0.00	0.00	220.80	70.10	330.00	pid.getOutput()	330.00	1023
	getSpeed()	-70.03	1.47	4.44	0.00	70.03	252.25	-0.69	0.00	220.80	70.10	330.00	pid.getOutput()	330.00	1023
	getSpeed()	-70.11	1.47	4.44	0.00	70.11	252.22	0.79	0.00	220.80	70.03	330.00	pid.getOutput()	330.00	1023
	getSpeed()	-70.11	1.47	4.44	0.00	70.11	251.95	0.00	0.00	220.80	70.11	330.00	pid.getOutput()	330.00	1023
	getSpeed()	-70.16	1.47	4.44	0.00	70.16	252.26	0.50	0.00	220.80	70.11	330.00	pid.getOutput()	330.00	1023
	getSpeed()	-70.01	1.47	4.44	0.00	70.01	251.97	-1.50	0.00	220.80	70.16	330.00	pid.getOutput()	330.00	1023
	getSpeed()	-70.08	1.47	4.44	0.00	70.08	251.90	0.70	0.00	220.80	70.01	330.00	pid.getOutput()	330.00	1023
	getSpeed()	-70.18	1.47	4.44	0.00	70.18	251.93	1.00	0.00	220.80	70.08	330.00	pid.getOutput()	330.00	1023
	getSpeed()	-70.30	1.47	4.44	0.00	70.30	251.98	1.20	0.00	220.80	70.18	330.00	pid.getOutput()	330.00	1023
	getSpeed()	-70.44	1.47	4.44	0.00	70.44	252.03	1.40	0.00	220.80	70.30	330.00	pid.getOutput()	330.00	1023
	getSpeed()	-70.56	1.47	4.44	0.00	70.56	252.41	1.19	0.00	220.80	70.44	330.00	pid.getOutput()	330.00	1023
	getSpeed()	-70.63	1.47	4.44	0.00	70.63	252.15	0.70	0.00	220.80	70.56	330.00	pid.getOutput()	330.00	1023
	getSpeed()	-70.70	1.47	4.44	0.00	70.70	252.18	0.70	0.00	220.80	70.63	330.00	pid.getOutput()	330.00	1023
	getSpeed()	-70.63	1.47	4.44	0.00	70.63	252.52	-0.69	0.00	220.80	70.70	330.00	pid.getOutput()	330.00	1023
	getSpeed()	-70.65	1.47	4.44	0.00	70.65	252.18	0.20	0.00	220.80	70.63	330.00	pid.getOutput()	330.00	1023
	getSpeed()	-70.65	1.47	4.44	0.00	70.65	252.50	0.00	0.00	220.80	70.65	330.00	pid.getOutput()	330.00	1023
	getSpeed()	-70.73	1.47	4.44	0.00	70.73	252.19	0.80	0.00	220.80	70.65	330.00	pid.getOutput()	330.00	1023
	getSpeed()	-70.70	1.47	4.44	0.00	70.70	252.22	-0.30	0.00	220.80	70.73	330.00	pid.getOutput()	330.00	1023
	getSpeed()	-70.49	1.47	4.44	0.00	70.49	252.52	-2.08	0.00	220.80	70.70	330.00	pid.getOutput()	330.00	1023
	getSpeed()	-70.46	1.47	4.44	0.00	70.46	252.12	-0.30	0.00	220.80	70.49	330.00	pid.getOutput()	330.00	1023
	getSpeed()	-70.30	1.47	4.44	0.00	70.30	252.42	-1.58	0.00	220.80	70.46	330.00	pid.getOutput()	330.00	1023
	getSpeed()	-70.23	1.47	4.44	0.00	70.23	252.03	-0.70	0.00	220.80	70.30	330.00	pid.getOutput()	330.00	1023
	getSpeed()	-70.15	1.47	4.44	0.00	70.15	252.31	-0.79	0.00	220.80	70.23	330.00	pid.getOutput()	330.00	1023
	getSpeed()	-70.22	1.47	4.44	0.00	70.22	251.96	0.70	0.00	220.80	70.15	330.00	pid.getOutput()	330.00	1023
	getSpeed()	-70.14	1.47	4.44	0.00	70.14	252.31	-0.79	0.00	220.80	70.22	330.00	pid.getOutput()	330.00	1023
	getSpeed()	-70.17	1.47	4.44	0.00	70.17	251.96	0.30	0.00	220.80	70.14	330.00	pid.getOutput()	330.00	1023
	getSpeed()	-70.02	1.47	4.44	0.00	70.02	251.97	-1.50	0.00	220.80	70.17	330.00	pid.getOutput()	330.00	1023
	getSpeed()	-69.98	1.47	4.44	0.00	69.98	252.22	-0.40	0.00	220.80	70.02	330.00	pid.getOutput()	330.00	1023
	getSpeed()	-70.06	1.47	4.44	0.00	70.06	252.20	0.79	0.00	220.80	69.98	330.00	pid.getOutput()	330.00	1023
	getSpeed()	-70.13	1.47	4.44	0.00	70.13	251.92	0.70	0.00	220.80	70.06	330.00	pid.getOutput()	330.00	1023
	getSpeed()	-70.24	1.47	4.44	0.00	70.24	251.96	1.10	0.00	220.80	70.13	330.00	pid.getOutput()	330.00	1023
	getSpeed()	-70.28	1.47	4.44	0.00	70.28	252.32	0.40	0.00	220.80	70.24	330.00	pid.getOutput()	330.00	1023
	getSpeed()	-70.28	1.47	4.44	0.00	70.28	252.02	0.00	0.00	220.80	70.28	330.00	pid.getOutput()	330.00	1023
	getSpeed()	-70.29	1.47	4.44	0.00	70.29	252.33	0.10	0.00	220.80	70.28	330.00	pid.getOutput()	330.00	1023
	getSpeed()	-70.34	1.47	4.44	0.00	70.34	252.03	0.50	0.00	220.80	70.29	330.00	pid.getOutput()	330.00	1023
